Image Datas from top left to bottom left

"j":[0,0,1,0,0,0,1,0,0,0,1,0,0,1,0,0],"k":[0,0,0,0,0,1,1,0,0,1,0,0,0,0,1,0],"l":[0,1,0,0,0,1,0,0,0,0,1,1,0,0,0,0],"m":[0,0,0,0,0,0,1,0,0,1,1,1,0,1,0,0],"n":[0,0,0,0,0,1,1,0,0,1,0,1,0,0,0,0],"o":[0,0,1,0,0,0,1,0,0,1,0,1,0,0,1,0],"p":[0,1,0,0,0,0,1,1,0,0,1,0,0,0,0,0],"q":[0,1,1,0,0,1,0,0,0,0,1,0,0,0,1,0],"r":[0,0,0,0,0,0,0,1,0,1,1,0,0,1,0,0],"s":[0,0,0,0,0,0,1,1,0,1,0,0,0,1,1,0],"t":[0,1,0,0,0,0,1,0,0,0,1,1,0,1,0,0],"u":[0,0,0,0,0,1,0,0,0,1,0,1,0,0,1,0],"v":[0,0,0,0,0,1,0,0,0,1,1,0,0,0,0,0],"w":[0,0,0,0,0,0,0,1,0,0,1,1,0,1,1,0],"x":[0,0,1,0,0,1,0,1,0,0,0,1,0,0,0,0],"y":[0,0,0,0,0,1,0,1,0,1,1,0,0,1,0,0],"z":[0,1,0,0,0,0,1,0,0,0,1,0,0,1,1,0],"ä":[0,1,1,1,0,0,1,0,0,1,0,1,0,0,0,0],"ü":[0,1,0,1,0,1,0,0,0,1,0,1,0,0,1,0],"ö":[0,1,1,1,0,0,1,0,0,1,0,1,0,0,1,0],".":[0,0,0,0,0,0,0,0,0,0,0,0,0,1,0,0],",":[0,0,0,0,0,0,0,0,0,0,1,0,0,1,0,0],"!":[0,1,0,0,0,1,0,0,0,0,0,0,0,1,0,0],"?":[0,1,1,0,0,0,0,1,0,0,1,0,0,0,1,0],"'":[0,1,0,0,0,0,0,0,0,0,0,0,0,0,0,0],'"':[0,1,0,0,0,0,1,0,0,0,0,0,0,0,0,0],":":[0,1,0,0,0,0,0,0,0,1,0,0,0,0,0,0],";":[0,1,0,0,0,0,0,0,0,1,0,0,0,1,0,0],"/":[0,0,0,0,0,0,0,1,0,0,1,0,0,1,0,0],"\\":[0,1,0,0,0,0,1,0,0,0,0,1,0,0,0,0]

a: 0010001001010000 8714
b: 0000011000010110 1558
c: 0000001001000010 578
d: 0010011001000010 9794
e: 0000010000110000
f: 0000001001100100
g: 0010010001010010
h: 0100001000110010
i: 0000001000100110